1 0 0 
2 1 0 
3 1 0 
4 1 0 
5 2 0 
6 2 0 
7 2 0 
8 3 0 
9 4 0 
10 5 0 
11 5 0 
12 6 0 
13 6 0 
14 7 0 
15 7 0 
16 8 0 
17 8 0 
18 9 0 
19 9 0 
20 10 0 
21 11 0 
22 12 0 
23 13 0 
24 14 0 
25 15 0 
26 16 0 
27 17 0 
28 17 0 
29 17 0 
30 18 0 
31 19 0 
32 19 0 
33 19 0 
34 20 0 
35 20 0 
36 21 0 
37 21 0 
38 22 0 
39 22 0 
40 23 0 
41 23 0 
42 24 0 
43 24 0 
44 25 0 
45 25 0 
46 26 0 
47 26 0 
48 27 0 
49 27 0 
50 28 0 
51 28 0 
52 29 0 
53 29 0 
54 30 0 
55 30 0 
56 31 0 
57 31 0 
58 32 0 
59 32 0 
60 33 0 
61 33 0 
62 34 0 
63 35 0 
64 35 0 
65 35 0 
66 36 0 
67 37 0 
68 37 0 
69 37 0 
70 38 0 
71 38 0 
72 38 0 
73 39 0 
74 40 0 
75 40 0 
76 40 0 
77 41 0 
78 42 0 
79 42 0 
80 42 0 
81 43 0 
82 44 0 
83 44 0 
84 44 0 
85 45 0 
86 46 0 
87 46 0 
88 46 0 
89 47 0 
90 48 0 
91 49 0 
92 50 0 
93 51 0 
94 52 0 
95 53 0 
96 54 0 
97 54 0 
98 54 0 
99 55 0 
100 56 0 
101 57 0 
102 58 0 
103 59 0 
104 60 0 
105 61 0 
106 62 0 
107 62 0 
108 63 0 
109 63 0 
110 64 0 
111 64 0 
112 65 0 
113 65 0 
114 66 0 
115 66 0 
116 67 0 
117 67 0 
118 68 0 
119 68 0 
120 69 0 
121 69 0 
122 70 0 
123 70 0 
124 71 0 
125 72 0 
126 72 0 
127 73 0 
128 73 0 
129 74 0 
130 74 0 
131 75 0 
132 75 0 
133 76 0 
134 76 0 
135 77 0 
136 77 0 
137 78 0 
138 78 0 
139 79 0 
140 79 0 
141 80 0 
142 81 0 
143 81 0 
144 82 0 
145 82 0 
146 83 0 
147 83 0 
148 84 0 
149 84 0 
150 85 0 
151 85 0 
152 86 0 
153 86 0 
154 87 0 
155 87 0 
156 88 0 
157 88 0 
158 89 0 
159 89 0 
160 90 0 
161 91 0 
162 91 0 
163 92 0 
164 92 0 
165 93 0 
166 93 0 
167 94 0 
168 94 0 
169 95 0 
170 95 0 
171 96 0 
172 96 0 
173 97 0 
174 97 0 
175 98 0 
176 98 0 
177 99 0 
178 99 0 
179 100 0 
180 100 0 
181 101 0 
182 102 0 
183 102 0 
184 103 0 
185 103 0 
186 104 0 
187 104 0 
188 105 0 
189 105 0 
190 106 0 
191 106 0 
192 106 0 
193 107 0 
194 108 0 
195 109 0 
196 111 0 
197 112 0 
198 113 0 
199 114 0 
200 114 0 
201 114 0 
202 115 0 
203 116 0 
204 117 0 
205 118 0 
206 120 0 
207 121 0 
208 122 0 
209 123 0 
210 124 0 
211 125 0 
212 126 0 
213 127 0 
214 128 0 
215 128 0 
216 128 0 
217 129 0 
218 130 0 
219 131 0 
220 133 0 
221 134 0 
222 135 0 
223 136 0 
224 136 0 
225 136 0 
226 137 0 
227 138 0 
228 139 0 
229 140 0 
230 141 0 
231 142 0 
232 143 0 
233 143 0 
234 143 0 
235 144 0 
236 145 0 
237 146 0 
238 147 0 
239 148 0 
240 150 0 
241 151 0 
242 151 0 
243 151 0 
244 152 0 
245 153 0 
246 154 0 
247 155 0 
248 156 0 
249 157 0 
250 158 0 
251 159 0 
252 159 0 
253 159 0 
254 160 0 
255 161 0 
256 162 0 
257 162 0 
258 162 0 
259 163 0 
260 164 0 
261 164 0 
262 164 0 
263 165 0 
264 166 0 
265 166 0 
266 166 0 
267 167 0 
268 167 0 
269 167 0 
270 168 0 
271 169 0 
272 169 0 
273 169 0 
274 170 0 
275 171 0 
276 172 0 
277 173 0 
278 174 0 
279 175 0 
280 176 0 
281 177 0 
282 178 0 
283 178 0 
284 178 0 
285 179 0 
286 180 0 
287 180 0 
288 180 0 
289 181 0 
290 182 0 
291 183 0 
292 183 0 
293 183 0 
294 184 0 
295 185 0 
296 185 0 
297 185 0 
298 186 0 
299 186 0 
300 186 0 
301 187 0 
302 188 0 
303 188 0 
304 188 0 
305 189 0 
306 190 0 
307 190 0 
308 191 0 
309 191 0 
310 192 0 
311 192 0 
312 193 0 
313 193 0 
314 194 0 
315 194 0 
316 195 0 
317 196 0 
318 196 0 
319 197 0 
320 197 0 
321 198 0 
322 198 0 
323 199 0 
324 199 0 
325 200 0 
326 200 0 
327 201 0 
328 201 0 
329 202 0 
330 202 0 
331 203 0 
332 204 0 
333 204 0 
334 205 0 
335 205 0 
336 206 0 
337 206 0 
338 207 0 
339 207 0 
340 208 0 
341 208 0 
342 209 0 
343 209 0 
344 210 0 
345 210 0 
346 211 0 
347 211 0 
348 212 0 
349 212 0 
350 213 0 
351 213 0 
352 214 0 
353 214 0 
354 215 0 
355 215 0 
356 216 0 
357 216 0 
358 217 0 
359 217 0 
360 218 0 
361 219 0 
362 219 0 
363 220 0 
364 220 0 
365 221 0 
366 221 0 
367 222 0 
368 222 0 
369 223 0 
370 223 0 
371 224 0 
372 224 0 
